1000
8968
8809
1763
5111
673
1623
4769
2821
1940
5996
3947
8122
6841
5373
4075
1804
1158
9353
7115
2843
634
49
4623
1725
7300
6540
3572
2353
7964
3029
9623
2511
378
582
8646
6150
5486
9445
1428
3202
9676
4404
4732
8367
4340
2438
621
4913
9711
7804
6964
6432
4357
2868
825
5082
8624
6541
9563
4181
4314
8734
759
4229
8381
1923
9461
6358
7543
7224
7553
1417
5934
2041
8812
9366
9136
9963
4419
5840
5223
4710
2468
2334
6481
6701
3668
1448
3382
9214
4811
9156
2577
8278
8630
9829
5480
3765
4770
3509
538
4478
8897
2994
7653
7517
3717
4791
8706
5583
7178
8136
5361
1179
5255
7232
9924
822
2085
1949
6806
4864
7781
9793
3587
5485
8875
2639
799
441
5326
6378
5612
8996
3902
3703
7041
440
7252
9571
6334
8090
8900
3827
5422
1269
7490
1503
481
8818
8398
2601
345
5649
7693
3706
860
2585
1652
1218
8746
2853
834
9769
6703
5155
6878
643
7984
7683
2777
4988
9652
799
5592
6016
5354
4361
9466
9913
5075
5939
130
685
3664
345
7519
6722
310
7121
1432
5687
6399
8772
2141
4435
6888
3947
5938
1752
2789
6545
3131
3432
1950
994
981
2196
643
5638
142
1247
8924
8323
954
8651
5392
6140
9712
1382
9308
2872
5900
5102
664
9397
5833
2818
1701
7102
2442
8986
8435
7903
5540
6917
9834
134
5791
184
980
7137
535
4091
8681
7097
3336
2118
7165
7061
2597
5036
1972
9204
3170
7841
2930
8997
9526
2258
6948
7345
8746
8893
9105
6889
8757
2832
4354
7690
8873
8805
7691
3627
203
8319
8350
4771
8670
8692
1597
7173
3467
4827
6032
3426
3965
8762
2870
7284
5292
4607
9362
7523
1814
6182
71
9307
4478
8919
5156
2992
7087
1580
539
8881
1451
3598
9606
1999
9718
4441
636
267
255
9986
311
8320
3076
295
8127
8599
6208
8893
4080
9164
9915
7357
2874
6285
4965
9377
4476
2431
5028
5037
7459
3534
5466
8651
2175
4562
1644
4112
4360
9765
3649
445
7857
7699
5504
324
2103
70
4528
1648
1936
5799
6639
7139
3560
7591
9748
9776
9474
8727
1720
4433
9708
2938
4124
8432
8241
6562
9046
5092
4770
5412
9743
9920
2672
4430
8989
4219
6674
6441
4502
2431
955
1480
9779
253
1289
2562
7628
6384
4859
5779
1694
7088
6978
9610
7317
5541
9593
4657
2408
3681
4045
5843
790
2688
798
6903
5229
9592
9948
7769
8719
6123
3306
2511
9914
8391
3552
7873
9307
6526
3906
7951
6295
2946
3902
2757
2810
8635
5613
2825
7188
5856
858
2511
7117
7260
5360
5957
9198
3639
1188
8009
9716
9419
308
3775
1561
3692
4924
2764
2384
7267
6766
8939
3391
94
5276
7148
7363
4865
4110
4939
7512
762
9799
2710
2756
6105
3442
5122
772
3851
9066
6467
8872
7254
8536
6453
8785
1884
9655
2357
4473
7926
7339
8951
8722
1244
2368
1022
9151
9143
1081
7359
2942
7644
3594
8918
2579
2395
7069
3349
5322
5814
6815
6658
2985
4031
8360
1294
5086
7380
7849
8035
1385
2652
2881
7904
9498
8015
4817
4683
394
1271
4444
7229
6907
6875
7844
5243
5559
7070
9629
1611
7012
4159
5690
9087
2596
5005
2849
8217
8968
7919
6628
1761
6586
6763
5855
6173
8703
5100
8445
1696
8461
5123
2266
5920
6526
6234
8453
7897
4316
4338
3932
2836
7753
895
328
875
6452
7000
7310
6424
1615
966
5261
8830
3156
7133
9408
8145
9333
1761
8356
1682
4159
5383
7584
9466
4778
4210
8533
9489
4088
9933
3210
9518
5351
6643
5302
8968
8759
8127
3586
5132
8580
4195
5340
9299
1670
4647
8783
9053
1510
7172
1579
2626
7477
5722
9752
2088
8508
9553
542
9201
5213
4685
7931
1491
3006
2609
2168
620
680
3816
5077
4148
7489
2068
7303
9464
7187
6937
5104
3760
7137
5356
4026
6234
2170
9298
8236
5673
9500
2716
5274
4876
9569
2197
5881
3357
9756
7735
4788
4200
504
449
4732
5220
8061
9539
6926
6855
9932
6220
8202
181
6088
6853
1704
3579
7099
7847
6355
3771
1380
531
6262
1715
3249
9882
4735
7247
1527
9469
9484
2595
8990
2271
88
3647
9181
2450
5098
6869
2647
5773
1349
6789
3962
5471
8481
5784
1394
5073
1972
5816
9300
2433
8207
8432
9412
8321
3586
6889
2866
2134
5101
2979
6861
2953
8642
4763
6779
7922
4944
3993
5711
1671
6777
2695
9029
8512
673
613
2834
9389
1277
7202
5103
6485
916
1349
8836
4029
6888
4848
7782
1618
6992
8167
6267
8493
1638
5309
1460
6086
7843
3614
102
2708
5202
8611
3068
7264
735
1154
711
3131
3294
6686
3982
7387
5892
4694
5518
4636
9111
7706
913
9021
4715
6884
5269
2684
386
1714
5502
6173
6931
6701
7138
4995
8851
2084
3804
6848
5215
6977
8287
4851
137
3224
3719
7317
2586
5147
8890
4858
777
5454
6284
6330
5120
1055
5884
6902
9888
632
2152
2625
2940
6970
3700
8045
9454
81
3403
6050
4442
9043
4891
7993
6281
5809
3868
2641
2263
1207
8549
5443
9043
7212
496
7898
7707
1279
5741
3209
1949
8191
823
6752
5695
2740
3739
759
8570
9676
9308
2471
6921
2671
5045
9456
6997
866
376
7772
8639
5548
9467
3809
1167
8777
2357
8115
8208
8595
3992
4400
6700
2279
2531
289
1771
220
1376
2971
6581
3143
8403
9921
5285
3203
9763
6236
7106
3225
857
4980
2268
9920
5714
9832
36
7895
3907
2371
8182
6866
2386
7619
4264
9405
3178
4058
3580
4853
1412
5678
8884
5572
4123
5193
400
4882
7081
8566
4515
3559
3093
1894
1414
9709
1875
4471
547
2485
3642
5612
7363
8826
7063
7770
8603
1662
4359
8117
4785
8075
8108
9936
2700
4144
1094
1646
8686
305
8208
74
7271
9333
7660
1595
8748
7454
2882
7214
1122
193
2593
4363
6451
5864
4755
3142
6191
2200
9441
9676
