7575
9502
6012
52
3253
6115
4413
6590
9254
6134
2581
3876
1706
2965
382
158
5248
5862
1398
2031
9984
5658
5078
636
9156
6067
3444
7876
3692
3630
9393
5670
5936
8453
3791
6971
1375
500
4611
4213
8099
9586
3367
9578
1354
2677
9750
6949
4905
9744
2073
8170
6971
7120
1125
6955
214
3625
3532
3809
5786
3298
202
3833
8178
218
1397
3928
2502
9751
2503
4522
2043
5372
9446
8489
5213
6447
4105
6329
2694
2555
7523
5581
9993
95
9845
756
694
5370
9987
9777
2299
8580
7757
1573
7056
9704
2629
3927
3852
6553
9213
5896
670
3046
3530
6791
7179
2847
3531
1388
3581
477
3861
6365
2511
901
938
6450
5100
9487
1703
2659
9982
9227
4432
2009
9364
3241
4729
3047
5619
6408
8423
818
5876
5363
5264
933
9757
6278
9957
2526
5760
7043
4793
7306
1593
5120
44
8589
4141
9738
1119
1188
6249
7704
6325
438
1089
3409
8901
560
3846
8086
6503
9113
1556
5669
8278
1101
3861
2220
5833
1860
7512
2993
9256
2718
1246
5311
5621
3111
3646
8872
2658
7864
8660
8318
5582
6672
689
5430
4586
9973
5019
8239
7636
7398
5771
7089
9268
4789
5498
9809
3325
8592
6261
9714
6729
1570
4199
6864
4199
2704
1637
1215
1423
9738
3857
7156
7802
5492
4963
7184
9553
4031
9054
4931
4593
1634
7984
964
8577
6640
9391
8213
7223
3678
6787
1533
2726
3443
7755
4577
2236
3308
6376
9739
2648
3614
570
8012
6334
74
7999
9111
7734
2444
9210
9881
3621
2274
3728
8760
9408
4933
2666
9528
5883
8566
4256
4790
4276
1399
9224
2986
8709
6781
9463
3541
9583
9789
9432
7296
2232
5002
927
6165
1941
994
7008
9058
1760
4592
8948
141
221
6907
8135
6437
2537
622
5728
2076
4425
1232
7014
3973
1328
3570
5789
3926
5433
1213
5704
9276
7286
3238
9267
8134
1901
6178
9873
4578
7080
7864
9848
1266
8863
2593
2491
1894
2577
5928
3497
4459
3129
8049
4845
8238
2486
885
9258
3698
2461
4646
6008
2162
2645
2080
7966
4457
1308
4576
4253
2449
569
236
160
2112
4459
7721
2089
1635
6920
6009
7872
312
8681
1742
7276
21
552
7399
7541
119
5965
5866
2995
4524
9047
6904
9564
7979
1606
4727
6269
5767
9550
168
1901
144
9274
8439
4921
9786
5413
2829
2015
8962
8077
6707
5457
2588
631
3508
7280
1142
7135
6031
2670
2343
2183
2272
1156
9315
726
3976
1581
2293
1891
8425
5689
6756
5863
9426
7068
8875
1663
5186
6140
7609
5453
9376
4216
6261
1849
6685
5620
4879
5322
1608
4609
1693
2453
7955
9227
7409
2071
760
5494
8849
8845
9712
3291
7213
5807
7911
4570
9570
9757
6238
6701
8059
9760
3158
3152
1257
5533
8569
4709
6930
3619
808
3449
6761
9016
5568
6822
1879
8497
558
7369
6493
61
8838
3797
7864
2349
4807
5399
4803
9009
9311
9159
9271
4252
8085
6869
3310
3560
6882
8273
7498
2782
3585
2262
1499
2229
1538
5246
1230
9961
1840
9202
7491
7651
751
8595
1240
4244
3910
5082
7746
8685
2688
2061
8398
6964
3866
8964
6985
8604
5930
4878
6644
7920
5877
5180
8811
8651
5387
8950
5628
7357
9176
2720
4450
475
2363
8427
1516
7651
3563
7844
3821
1100
2205
8473
9795
6820
7504
1528
9072
7240
9025
5155
5433
4699
7947
5643
5994
8138
1188
7672
5263
9940
8043
6665
4529
8377
808
7568
2437
1171
9926
433
5612
8668
7290
8431
3568
9214
4787
746
2051
6112
3444
6579
2129
2677
8582
3532
2194
8015
2882
7642
6712
5498
1448
4481
6871
1848
6539
2299
8170
5252
1118
9170
6225
7600
8278
1768
7032
3601
592
912
6967
9412
4596
8061
9030
5460
9472
2391
7385
8500
948
7600
9992
1330
2442
7099
9070
201
3272
8555
6862
1616
8753
509
982
5574
7729
239
8913
6687
1399
1568
4949
9627
7116
1296
4543
3256
8821
1180
4096
9666
9942
1209
4451
4330
702
727
8202
8837
3142
6788
1103
2225
6375
2833
6351
3871
9965
4326
3567
2963
8702
1287
1635
3478
3958
3503
2816
7366
4619
1343
6152
1133
9922
3562
8565
6317
638
9484
5311
8809
1250
5444
3754
6205
4636
8557
9837
4968
5180
1948
7777
6864
7562
7603
4646
6442
3918
4906
5436
2517
7956
1649
5642
3662
8034
3740
1977
2120
8107
462
3788
4412
5742
5956
9637
5176
6983
5173
243
8395
4783
5566
1855
652
4650
1049
8940
5915
4229
5229
3954
6651
3238
7900
4522
1367
3750
2322
5233
1514
8155
3952
3568
1103
782
9081
1119
4564
7265
1281
5138
7633
304
9015
4351
3753
9739
7724
2330
7221
4962
656
8353
1442
8762
1981
4041
2214
1809
5163
9260
7143
4435
7637
4854
6636
8419
8386
806
15
677
7889
5587
3470
1983
222
2962
6869
7609
6245
7001
9102
143
5562
962
3139
674
7419
6302
140
180
6351
4382
5489
1498
6404
7483
2336
3828
1530
396
5717
9089
4060
60
374
9124
5311
5621
2710
7010
7458
4042
7433
6463
1828
2883
5791
5498
7558
5938
3141
7293
8288
3580
8876
9342
4904
2946
1693
9470
4703
6080
114
6238
379
4538
5812
3408
7472
7359
1841
1166
8257
3156
8223
3445
8894
6483
7123
3521
317
1603
1318
7597
3097
4260
5122
6439
5394
8976
6265
9144
9015
7952
1947
328
2463
2537
2799
5399
1373
1599
4910
6394
6878
4196
4318
7042
5343
1636
8974
9176
897
6177
655
6625
2060
824
4768
1371
1364
9774
7441
1573
870
8026
917
6682
3496
4967
3114
9006
7989
552
5135
731
794
7897
8583
5884
3173
5441
7644
7861
143
4143
371
6734
8367
3431
4870
663
482
9460
4905
955
2489
1919
6713
2281
5692
8442
5396
1893
2668
6298
5563
499
5802
1934
4191
654
8030
5041
5913
2898
4357
7373
1500
1740
2792
1236
2637
4713
7525
783
8864
5928
4129
6935
7329
4557
6444
5563
2305
152
8070
7445
9272
5177
9895
3837
9308
9746
5851
7566
4042
9218
9126
2990
5265
5877
5904
33
1323
1976
9002
4297
358
5951
9452
1554
9319
5615
8970
9556
1886
4021
8541
5210
7327
8329
4720
232
524
1896
7673
4231
8733
6527
9996
3426
7779
4898
9279
9470
1425
7128
1257
135
5618
9897
3905
5014
1301
3761
2888
6555
8048
1843
7882
8618
8450
2863
1361
6692
1265
4638
2473
4282
4444
6705
9615
2836
7723
428
7719
3089
3306
7091
9485
6840
1631
8842
1317
4265
1451
6162
4724
8358
8493
3121
77
2358
8613
5380
583
3459
151
5803
1925
1035
7122
7460
7248
7171
362
6848
2262
5813
6954
8001
5195
4860
9313
1300
3388
5420
5006
9031
503
9764
6666
821
1740
6162
4267
4475
8162
5894
2258
7991
1727
3233
6163
6991
9863
4052
1866
1826
3462
4184
7139
5817
9165
9188
7579
178
6393
6427
1461
8628
903
4667
416
9724
1685
7122
4172
125
5618
4169
1031
4737
4376
9236
4396
2151
1497
2925
4548
404
8529
9014
7699
6737
2230
1122
1560
8853
8806
1540
7614
7807
2180
3645
5990
6536
1468
2104
1488
3283
6399
273
2022
5987
7602
1590
1682
5501
7353
3522
1739
2207
7881
5809
3929
9054
7077
3169
4327
9395
9098
7489
7027
2688
3420
6375
823
4887
3582
6481
6225
1594
1133
641
8860
250
9251
361
5372
4773
5059
3945
2883
162
8531
4806
2590
7974
883
8663
3761
2880
9722
2187
4273
2037
7831
9446
7435
3802
3806
321
3966
7062
5080
7426
5761
5225
3008
3679
4838
6968
5399
6700
6480
5670
1418
2804
7804
641
6526
3888
7859
5803
6458
974
2096
1258
8586
599
5547
7487
9474
2600
737
865
3475
4590
6174
334
8268
1226
8459
4728
7493
1418
5730
6781
4194
1179
3842
4373
1787
3862
9256
2871
4477
8693
9708
8739
3935
2794
5781
159
7241
8110
5942
2561
2760
2838
6326
2190
625
2768
2260
465
9840
798
2652
5440
8807
5246
4805
1256
288
2089
8620
9190
7819
6930
2574
6249
9597
8118
2782
4744
7240
9176
5436
9682
8468
5092
3454
4088
4052
3478
8578
664
5696
3421
7472
2343
5188
561
3337
9291
7287
3038
3476
2265
4026
4764
2339
6984
3937
9703
108
9576
506
7192
4318
6645
4010
9050
6959
141
7368
5160
9619
3054
6263
3239
8373
2811
5029
965
827
229
4583
75
1861
165
1941
2528
7609
5956
9954
6461
470
5313
1973
2285
3806
3017
7424
5981
973
5961
7888
7826
6578
7802
8448
5008
545
2839
9485
1261
445
3267
5439
8413
930
4370
5487
3096
2955
5068
3066
4909
578
5799
7946
4644
6766
492
9556
7342
6605
5223
9078
9349
9183
1138
6796
5077
9931
5544
1913
4434
8613
3445
1228
7441
5361
9117
8872
5854
3124
651
5822
5094
3096
1462
963
8496
5758
6410
5519
5390
6306
6546
3922
3848
1599
849
9136
9606
1969
9088
7807
8066
1099
8682
4551
7155
6246
8986
330
9430
1702
4680
3588
8890
2829
1577
5297
4170
7841
7615
3416
7745
2409
93
3636
8560
3776
1749
5280
2273
9097
6192
8144
2634
9855
6166
2326
643
6639
4473
1333
8852
4202
4526
292
383
5689
1690
2481
4673
9511
9181
9526
1760
8226
9389
1867
6379
1906
2100
711
9880
7021
9676
9931
7830
6845
2071
751
7367
9504
5480
6873
6459
538
8807
853
9743
894
6511
8955
9863
4506
2232
2305
7256
3409
787
5349
469
6680
1359
1093
6028
4551
448
1684
8132
9748
3962
6400
9486
498
5122
1617
6115
825
2843
2935
9387
8684
4366
4019
5633
7191
8957
4194
4276
3825
1937
598
2447
4260
6457
5230
1334
3763
6738
7427
6548
7095
1801
6943
863
5344
9558
4305
3919
6189
8585
2527
2771
7595
5066
3920
8594
5567
8323
8519
5082
538
1167
8824
6369
3835
8171
3038
5087
7592
3083
985
4743
5528
1091
3371
525
4008
621
7595
617
4268
6428
689
1
7398
4432
7209
3637
4959
3025
2545
4864
5208
2636
6354
5901
4727
4983
3400
7179
6207
3550
7226
4123
1709
8578
773
607
7161
8155
1555
7415
6295
3699
695
2315
2754
7834
3454
2326
4456
356
3517
1793
4174
6231
4896
1870
138
6848
3478
9491
6570
8488
9575
944
2337
5170
5509
545
937
7334
7129
1523
5113
8396
1145
6885
3108
6069
577
3354
2134
2455
3178
7719
6958
9041
9777
7130
1022
6965
7927
702
2263
2080
5024
3336
2523
8316
3176
1788
1561
9393
4908
5666
9882
1864
2435
6663
4282
474
8535
1976
2265
7509
497
5751
2729
1491
1789
1620
9685
6338
6546
8523
1156
7086
1704
3965
4065
6424
4978
8016
4210
9938
5019
415
5428
135
9487
3973
1913
4843
9249
2927
337
8505
3624
4802
3292
6984
4401
2920
9960
5718
152
6895
8974
756
2753
6926
5983
8245
5470
2752
1797
5939
7999
3294
5494
738
6651
3323
6607
5609
4630
3290
1742
1857
4446
2665
5468
5862
5855
240
9220
7950
3119
3356
5400
792
6709
1128
9072
8098
9789
7246
9377
6237
5997
6704
617
8649
3654
2040
7652
5642
4501
994
6701
7603
3104
5221
927
693
9605
1171
2215
7430
4247
6531
4496
598
9756
4736
7179
6547
7732
6920
6985
5942
1702
7308
9145
1931
4532
9430
9410
4912
6809
6538
9425
2605
9545
6477
635
7830
9826
49
1650
8940
3718
8797
3776
1463
8278
9816
7501
708
5893
8672
6064
3944
9926
5223
497
1633
1490
2327
4756
9983
9984
392
1689
2540
2973
4274
3444
5782
175
3563
6698
7503
8650
2324
6617
1203
1540
5772
9280
115
5496
1122
9333
8481
3028
6066
8300
9447
7663
4538
6006
5568
3038
851
9876
9200
1542
2995
8174
9268
116
4590
9373
1887
3605
3236
6364
9117
8993
5564
8784
3843
8761
7482
2003
8382
8321
5507
3055
5273
6359
8424
8719
3554
8675
6262
9989
6803
7441
9789
4405
3268
8060
4778
6665
8241
3844
6092
6307
228
7339
4488
5315
3075
8563
7017
3652
833
4797
1976
1550
5050
1315
1131
1625
306
1940
6365
6227
7741
6406
3430
5417
2724
7316
7988
2808
8405
3272
6096
4457
7539
818
515
7881
9572
5377
5259
2479
4058
8567
3943
2421
2027
7494
442
6878
3952
2736
3342
4145
7178
6253
7259
3866
4459
6115
2748
9117
5169
2642
9797
368
5956
32
4708
7824
3517
8592
5245
9137
6447
4915
7178
148
6630
148
7209
7703
6272
15
2697
3531
9849
1387
4572
9181
1822
8219
4790
7314
6334
6801
8494
8959
2039
8374
1594
962
1087
8053
601
8269
8757
204
4396
4506
6261
912
9483
2063
5472
9749
7429
2906
6624
1207
4720
9843
4332
6442
9493
8625
7187
5422
8198
5971
7447
9390
1102
8671
2870
9833
5725
7440
5097
3443
1080
6602
1547
2953
7585
3546
4372
6068
9380
9634
847
8075
9158
8150
3379
7143
3731
803
8099
1029
1870
8768
5609
4086
2428
8210
1552
8003
6598
1727
3364
5250
6548
7779
9826
5056
1984
9925
2493
1975
3617
5612
6761
6022
7285
1519
8075
4779
6319
6265
6218
5806
6592
2656
9765
1609
167
5188
9393
4771
2242
1505
7172
6101
7563
5428
7032
5829
9863
8711
180
2562
4652
9562
3916
8576
6974
6601
269
7012
1219
1475
5542
9503
2477
8381
5404
3524
8154
3696
8905
7215
2129
6233
3024
9796
6136
9707
3292
1906
7648
4927
8446
7069
9674
8187
2707
1612
1659
3763
5946
3430
56
774
6282
2723
3863
5400
403
2005
6042
2827
856
9313
7121
2930
3000
9861
1848
4974
7285
4485
3236
8351
2915
8301
2532
3921
9631
5549
9745
3071
4229
9442
6421
4520
8365
9849
4221
668
2694
1042
2136
2566
6663
5088
1156
3260
3475
9479
3702
4102
9979
3014
8757
3772
9831
2060
9022
1970
4893
3598
6532
1365
9416
5571
7642
8864
8999
3818
5203
4918
1808
9601
8339
4830
354
7293
9897
8351
6631
5337
2652
5042
7261
3818
5418
7278
9134
5417
5342
981
2561
2664
1054
3008
3482
706
2134
1330
641
5637
6651
8550
4745
7972
1537
133
9479
7609
2902
9479
9961
9132
829
5471
986
4374
3281
8852
4984
2196
2308
3881
2973
125
1424
8150
2863
158
271
1678
2568
4797
4742
9680
7095
4152
1318
2898
3208
1924
2711
7364
7596
391
1592
286
7189
6219
6817
4250
1131
2005
2869
8441
615
6870
3795
3223
3906
5438
7183
2956
9677
262
6108
5835
1238
8918
9055
9419
787
370
3806
5938
5936
9407
5318
6976
6963
3645
3082
630
9775
6616
3492
4805
9506
298
2654
9975
9294
6820
1007
1061
1041
2156
8046
9046
2448
1077
510
3599
5656
419
1477
8530
6810
8349
8968
8705
7710
251
1871
573
1699
7545
6750
4412
9056
7563
1724
7307
1453
3803
7129
8630
418
5580
359
306
5863
6959
9435
4295
544
8525
4445
1007
1738
183
4325
1226
2981
6545
5140
3919
8658
5639
4451
2482
4650
5578
6447
4530
2624
5623
143
6129
4028
1597
3776
4038
7847
9094
2308
1781
1663
4999
1933
8284
7741
2603
2070
3464
1274
4240
5852
2094
1241
9302
7305
2619
9254
6324
4092
2372
2010
7887
1110
2941
3812
20
8305
3338
9334
130
914
966
6144
726
6430
2327
7467
9439
3672
91
9483
219
8521
1865
7848
5796
7927
3408
4642
6597
5813
8659
397
3285
4847
6252
384
5399
466
2473
5424
4267
3603
6673
6225
1224
2966
2730
7093
9924
6430
7135
5835
8069
3249
5722
3169
652
1339
1431
4206
3577
5391
4665
3064
6676
2605
9485
1648
7094
7005
6923
7031
8189
7007
9564
1620
6116
5746
5343
7868
627
9756
5231
5910
5474
7505
3167
4707
541
8404
1978
1624
6484
3190
8721
7601
1074
272
5719
9810
4675
8891
8443
5605
3961
9276
6339
4684
226
4545
3735
9548
5951
610
5852
4965
9079
7374
4257
8184
8107
5693
6788
1289
8345
4701
3227
1246
5041
8661
1530
777
8285
5300
5316
4854
4724
4279
6736
414
4451
8019
3259
345
3594
4190
2502
2564
4357
254
4795
8631
8582
9775
2146
4590
1875
4865
5171
434
736
7757
6647
2487
1975
5749
4980
2203
6885
6421
7080
8624
4973
3772
4038
7250
7155
5688
3505
7674
9169
4264
7274
1497
8694
3547
8004
393
3512
815
2351
9881
8331
170
406
1452
7673
1
6578
947
8543
1535
6574
4264
4625
7521
333
8767
9705
6320
4703
1018
4809
748
3396
6415
4862
1372
4947
5196
3397
1861
7315
5299
8813
6247
5412
6223
1436
1019
7959
5964
8500
354
2982
6568
981
248
7044
9723
9822
3333
2647
7927
2879
5925
1557
7857
6742
4314
7647
5411
6873
5916
8128
665
8392
7816
6217
7305
9862
208
5068
7062
1605
1584
7375
7136
8620
8430
3063
4055
1640
7702
6592
9204
7106
402
3914
7466
7822
6725
2681
8944
6283
470
9375
6350
1636
2409
6549
9061
5550
418
2430
7323
7001
2465
6813
2126
7372
5769
4273
9385
8958
7950
2798
2397
9925
4863
9976
6974
6999
2127
9591
6362
7886
6741
7633
4253
6798
4968
1221
2162
8422
2573
6471
7261
8770
8371
9900
9047
2696
1851
8371
7574
1248
7618
7123
4165
9592
3037
998
5827
3132
3145
1624
5529
2151
572
2086
8005
8021
2433
5388
7988
6299
8031
9836
5023
5125
3770
8261
8249
9195
9693
6455
4769
3085
7505
2673
7484
1214
695
7362
9752
885
6153
2849
4234
7071
2710
18
9381
3085
8486
662
9346
8643
9010
9412
1065
9797
9661
4469
6611
4432
5422
1384
50
1551
6199
7852
5186
3681
6984
715
2773
5950
3125
2321
8405
3500
2389
343
2163
4419
7636
8425
3396
7002
192
2440
5337
4702
2116
7498
591
3809
4672
467
9145
5676
7723
7412
2392
672
6579
3941
5351
3634
550
3521
4675
4841
8665
821
6767
4235
6583
6684
13
3127
1762
8329
4415
8619
4521
116
9535
4044
377
1212
4249
5945
3271
4074
5241
3495
1986
8016
1918
5425
639
6418
5797
9576
2355
7778
5942
1890
7506
329
289
868
5796
8015
9867
1636
3797
6898
4773
5278
6477
9760
167
2258
7885
3333
5017
3106
5315
9343
1853
9214
1055
4085
7214
9068
1461
9907
5946
5194
2108
6690
1648
1328
8373
3035
5985
9669
7259
2257
221
1733
2071
7010
4834
1196
5994
5910
9465
6064
5142
6024
656
1036
2531
4934
7945
6673
5825
8779
1748
5695
7459
3376
6849
3849
6989
3673
2706
8537
6197
3152
9616
8085
5163
130
9015
6371
9148
8265
3782
3627
8034
1608
2327
5924
9228
1833
7972
476
9760
7096
2169
5752
6035
9983
3009
1325
4598
5725
9698
6280
6249
9612
1213
3147
7171
1645
9644
2095
7493
6035
424
3463
7611
7361
4293
8438
8632
3603
32
8591
4117
8171
761
9453
6213
3213
1712
2182
9781
1038
1410
8362
9627
5931
6926
2648
4962
7249
7884
3895
2867
8409
7524
7248
7101
557
1647
1789
601
2103
9942
3151
548
3506
1659
8182
9838
5412
9739
8503
8800
9334
370
8010
145
4605
7078
6847
6223
4949
6143
5456
3387
9595
9608
2493
4101
6360
8010
8367
8963
2803
6886
6350
5654
9174
6817
4305
3731
9304
2699
3820
9502
4509
4246
6621
290
4157
9024
2427
6874
9347
7573
2656
9742
14
3736
2327
7305
336
4632
5043
6520
9662
2539
5865
4095
9319
3445
2679
6725
4104
7463
5518
2236
5702
3539
4028
6229
2813
9673
9427
7105
2081
9432
590
144
1384
6644
4427
5780
8351
2723
8715
3745
2926
4146
6367
8512
1179
1053
1727
2302
4808
8123
7570
7139
1121
8050
3578
5724
9688
2396
8527
607
2724
7499
4795
5764
8048
7696
1853
5075
4248
4956
8226
6189
1772
7813
6621
9683
267
8007
4608
1923
9446
9042
6353
9362
1905
8139
4152
7974
2563
2779
1934
9491
9277
5353
8312
7216
3991
1216
3065
9787
4871
9881
1727
2763
1899
2448
1231
2464
8843
6054
9702
1239
5820
1594
7545
1615
1138
6887
7583
1839
1534
6413
9462
9228
3120
7115
6368
7692
4296
4857
8811
8082
8803
9879
9985
8396
1398
6691
1491
2033
8225
5920
8135
2817
8378
1600
3417
4036
7089
2888
3072
4886
6359
5839
1982
4247
6957
7488
6482
2577
3173
1831
4995
2941
930
7258
7920
5410
2268
1172
1717
3353
1792
9307
9632
3434
5673
8407
9502
8055
6402
5518
1955
8587
2258
2873
8701
9228
3233
880
6975
2115
7153
6447
411
3002
8210
8012
3202
7491
2023
4230
5251
8572
7208
2954
4676
742
5911
1354
361
4492
3390
3105
130
5368
3426
3794
8808
4546
3527
9691
3669
3709
9270
3246
7053
7528
7368
4647
4740
1104
3641
5392
6403
2976
7664
9761
6800
2369
9690
9142
5777
4676
5767
7074
5386
107
5472
8296
8400
9180
1960
759
2709
2886
8318
251
9903
6793
7910
4485
8203
6317
5762
8805
3137
9410
808
4317
4753
1014
1755
6451
7792
3834
3645
1046
9082
6781
9896
8910
7160
5181
390
109
586
1580
6539
1392
2509
4599
280
3652
9378
5794
4663
4884
4325
951
7640
603
2048
2831
5431
1725
2441
3547
3148
9169
3152
6776
6961
7628
78
5280
4887
8611
1287
7137
9562
5800
5031
5888
9428
1289
9864
3590
9419
5722
317
1467
5405
6870
166
5472
243
8690
3890
5809
3434
8046
5527
3586
5774
8493
6236
793
2788
855
7029
3327
8128
2452
843
9853
3846
2721
6517
6500
3488
4950
8842
9550
312
6835
2887
8509
7373
9164
8769
7537
714
2966
4357
357
9404
3851
4797
1815
518
8985
8678
5809
7831
8588
528
469
2526
8133
3125
2952
3181
9126
1010
2356
5458
146
210
9593
1324
3293
3699
1288
7038
8732
9843
3263
1794
8651
4444
9288
7227
1846
2113
8705
2218
6039
3815
3990
2124
7143
4811
5202
9028
2559
4475
255
5371
5002
1725
8942
6380
10000
9898
6939
8085
3554
5861
527
4595
1414
3197
7205
4380
6958
3654
8070
6583
432
5797
3051
4504
6227
145
440
6215
9668
5785
7048
4456
3286
4094
1262
2995
5091
2962
7838
1420
7180
9163
1078
9275
9119
7042
2688
8834
2479
6971
3050
2500
2599
8462
4321
907
1960
1240
5629
9385
3799
8523
482
1448
5333
9766
8861
655
1655
4314
3971
4222
7157
5759
3910
1634
1421
8471
4207
3203
3059
5988
863
8101
6949
4682
6137
9811
2973
458
5619
8204
9697
4655
7287
5234
1714
6009
4328
4979
864
6226
6638
1574
1401
9746
9048
9615
3692
4531
4111
6367
238
7653
711
7603
1916
6991
7510
6158
2385
4788
186
6132
3348
3870
6733
6538
2133
938
1561
7105
5068
4820
2318
802
1550
4802
1940
4205
5478
7859
9100
2804
6074
8159
1916
7611
4802
6133
8338
6055
7022
2768
495
6664
2523
8392
2376
6753
4991
4673
5819
2646
6124
8246
4655
4709
8473
4502
8908
5416
150
5487
1700
5165
2126
715
5192
6620
1557
4694
6317
4468
8090
7257
3750
6499
8001
2002
5
266
7714
7996
9776
3058
9769
4117
7081
9730
9444
2419
8438
8435
1624
153
1201
1621
9504
4672
8875
7471
6223
8274
4267
5132
515
9148
5448
1975
1479
2231
1993
1052
8414
4108
3478
5362
2243
8592
425
6803
6206
6683
2362
2562
9392
2130
6382
5709
3462
8519
867
5582
3736
5786
4898
4605
8740
8101
1828
6702
677
5030
6846
4947
3185
2494
9949
1059
1634
5007
6613
2815
5925
9020
9775
7628
5695
9184
1273
2461
8578
3002
6092
7085
3433
7879
9975
1008
7753
3207
2215
9261
1469
5142
271
3482
3909
299
1228
7135
3716
656
3611
854
5838
7829
9400
2180
4309
8603
9938
5080
909
17
4663
6390
9958
5817
6947
1620
7605
8177
1964
3256
9228
5708
19
8345
2523
2746
760
2592
1429
6273
5353
430
5023
5111
3166
700
7089
5957
4685
918
3867
425
1146
6128
6917
6666
1911
6447
7430
2113
6877
5480
1295
827
321
4798
9231
8241
8514
6099
7603
2905
3053
2160
2319
6916
1102
2488
8357
121
2899
5509
3270
7443
1593
9814
5715
6746
6033
2959
821
5660
6909
5666
1883
2696
9776
6146
5046
6274
1609
5808
829
1423
760
269
411
7299
9815
1402
2764
4356
7414
5978
1838
3166
8484
383
6610
4108
4758
4874
4316
2707
9404
5153
7463
1538
7383
7558
9993
9206
9653
9774
3392
5041
3356
4100
2126
5559
5970
7982
4964
9842
1197
4118
9319
6315
2437
8780
5440
6959
819
2261
7949
1550
965
7236
3462
3869
6857
2832
1095
1536
5540
6132
6066
9908
7075
6638
14
4803
9418
4414
3041
1466
5156
9347
9345
9306
6033
3437
1875
2571
1862
3099
7915
4125
751
2422
1576
4383
6509
8337
6313
291
7830
130
2117
1591
6939
2005
1813
7974
1058
7997
6783
5205
597
8734
9329
3882
2453
2997
6194
2716
4623
1156
6407
3626
3489
9179
6563
3535
9044
1870
4456
617
5252
5103
1576
1698
2746
5715
4898
5172
1839
2213
1691
3748
2359
7348
8585
3259
9521
5424
216
5972
1868
6475
8372
9846
7076
1986
1302
5021
7755
3830
266
5195
5298
7270
9967
9421
9332
9199
3523
9403
8168
8667
9999
4768
2150
1727
7734
2020
2187
6586
5575
9098
2850
4216
9907
1304
7436
312
8624
5746
6831
2176
9525
302
2521
9235
5109
2322
6132
8482
494
7862
2997
6701
9739
2978
1585
6591
4269
8653
3537
9073
3856
1403
3070
4803
2467
869
9455
1971
2872
5840
9851
3958
6454
8046
2907
7280
516
9021
863
1680
1125
9293
1881
2149
3234
4002
666
9720
1399
5953
9134
422
235
7742
244
188
6682
8889
5843
7843
9548
5767
5731
7923
2983
8072
101
9794
4328
3757
917
9848
9828
9802
702
1731
1017
7966
3295
638
2092
4565
851
5929
3686
1902
1237
5192
2500
5804
6344
1770
257
9255
5100
9545
4070
8430
6802
7510
1306
6552
3332
1409
5252
9444
2435
7648
8462
7393
365
3586
4748
8732
1182
9565
6378
5222
2792
5287
9023
2062
6415
4064
3647
1301
3645
8000
8560
6394
3539
1194
3179
253
2707
9384
8137
4303
6553
821
7804
4497
1170
162
3066
4957
6480
5350
2242
7612
9314
6125
4565
408
567
4597
5211
2343
264
976
7200
7695
2757
6911
2248
817
7368
3341
4452
9812
9246
7757
6014
8322
9253
9295
3293
1917
8098
2749
5654
9837
4822
2224
6602
8273
1177
7115
3628
732
8418
1751
3617
3807
6511
5671
3506
3501
556
4996
5100
3558
6541
7920
3606
9669
894
5672
3417
74
5562
2416
5034
3348
552
3161
4258
8309
4610
1354
3231
4722
2108
9202
4162
2639
1464
8540
9451
1349
9859
993
1886
8027
7006
5548
8986
6226
4666
4599
8054
7250
9284
3670
3289
5458
8113
3377
8357
6779
6792
3588
9292
5105
6330
6617
7884
3744
4033
7936
2444
1305
8791
1608
8842
2768
8729
2140
9996
8707
2927
1855
6693
4081
5478
9368
8747
4893
3592
3045
3550
1250
974
6706
1083
5948
3465
6204
9245
737
2014
2509
6751
5991
4857
1437
8337
8643
6442
5182
166
7856
4893
5675
8300
4646
2765
4728
6182
2184
3221
1406
3351
1928
2415
9925
3480
2979
1310
7342
6014
5904
94
6569
2855
969
3160
6115
327
6940
495
6655
3121
681
6637
6175
1691
322
2980
5465
1929
5997
5643
2800
5165
5461
7635
7827
9588
7431
9946
6687
2497
8626
8199
1993
9634
6311
8136
8651
4163
7396
5981
7046
5145
4798
4854
2674
5538
8972
7441
7913
9740
7773
4981
618
5681
3646
5571
1276
354
5477
6384
5929
39
9685
7959
4264
8673
8137
825
3058
5957
5651
6849
3156
4565
3545
7867
8284
4252
2414
4316
9096
2099
1884
3052
8753
3259
8133
4035
4716
4691
4583
6228
6954
8528
5991
5488
1305
3988
7468
6350
3039
1892
1928
8294
2079
1845
6274
4266
2515
2587
1869
5022
6853
7281
9964
9536
9944
5573
6206
4970
3438
2451
2652
1687
2480
4039
6297
4524
7421
4380
6090
6332
7912
8942
1247
5806
7931
4544
3119
9597
2861
1806
1484
1290
3867
4214
1843
6333
7007
7972
6329
2536
6496
1970
8527
7659
5160
652
7799
8601
8479
4090
9679
3617
3116
8285
983
3516
5029
7422
4037
5433
8084
8119
9558
6526
9536
6673
4976
9438
605
4557
7857
6159
2437
8846
4797
2421
2858
7947
7106
2920
7533
6864
389
1923
4731
8110
1966
6150
5473
1305
9856
529
5518
5313
9882
1253
6819
3468
5988
4981
1090
687
323
3496
859
746
5257
6957
44
4405
848
1306
9893
9701
8685
9180
62
7441
9521
7857
1573
8414
750
9032
6774
3029
8792
7067
5016
2612
7318
2731
1455
6043
715
5016
2695
520
6671
9457
3073
3238
7133
1314
7317
2545
2926
6680
4946
4358
5208
16
5416
9871
1149
4733
3780
8309
45
7311
8396
2936
5165
8533
1509
5025
6379
612
3676
6644
6584
4633
4892
3904
3565
1721
4818
8038
7012
873
2715
4851
3217
733
953
3553
6245
9694
9651
6468
3480
2586
7999
7673
2626
719
8286
1201
4238
5307
1811
3633
6885
8722
9793
3005
2908
3797
8743
1667
2828
5159
1410
5246
7647
7193
5677
6945
8618
4458
4057
8166
3669
8800
9005
8972
6709
2991
6952
1087
3396
5488
4784
5585
231
7228
9599
6615
6662
6242
3303
7447
8436
8677
723
5353
7449
6403
7551
2760
7363
6017
7251
8447
7614
8916
1035
6434
2553
4478
6070
8486
4918
7384
3271
1652
3009
8908
5839
8482
2783
6118
7497
7953
5972
4842
3452
5198
9772
3300
7394
7736
3160
4248
5475
6554
1925
594
3808
7894
8101
8078
6387
6290
3398
6935
830
1527
6092
8625
4121
9525
2950
4048
7717
2306
8674
7088
9446
4898
7195
7907
4149
3193
3587
6802
4446
4079
79
9521
8321
1977
2029
2202
9753
9455
9367
8906
2803
4513
319
3427
1282
9987
3618
2515
4779
1912
1988
7826
5473
10
9981
7576
6226
2099
8255
5397
126
8322
6962
7244
2139
4978
9809
7262
9145
4127
7699
1914
9632
6856
5126
1999
6859
8885
5184
2252
7686
1716
7152
3997
3991
9905
137
4334
8578
6941
8197
7214
57
8627
2905
5492
775
2994
8349
7913
3111
6819
3851
3198
2147
7235
6083
3486
2267
3715
9143
2824
7355
1083
6326
2215
4295
288
3377
3927
681
9026
6234
2751
2382
6502
3695
3316
7496
3178
7166
8575
7601
8826
9130
6178
8675
1783
1861
1902
1474
1647
1062
8565
4487
3515
4165
7855
5612
3257
9843
7329
2202
395
5146
9395
9558
1195
9017
4709
3235
967
3318
5207
863
7182
27
5423
7997
4749
4002
6339
7995
5981
538
7414
8400
7278
1729
5235
6681
275
4350
4706
7807
5222
5851
4777
7992
6961
1104
4812
206
227
3967
4517
1415
1063
1889
9976
6703
5661
17
4529
9393
785
7187
6518
8504
7459
9867
9120
1361
5289
9862
9158
9213
5099
30
6748
8238
7222
3548
361
501
7630
9564
2424
7454
5580
345
5940
6943
8963
4291
9510
8585
1117
8508
4290
277
9965
5535
4348
7482
3062
9236
7991
8452
2535
4139
4525
7589
2703
1497
6155
8865
9769
9749
7806
2459
3236
9978
3274
2544
842
5503
4133
8134
8380
1030
2008
1497
7041
6194
3646
3845
2292
7054
5110
9931
5556
6098
1702
8087
5998
5626
948
8529
3883
7544
8342
5738
5647
8305
7400
9529
1441
8549
7262
451
9247
2422
4261
5932
9319
51
1816
960
749
7881
8268
888
5230
3199
8822
6486
9899
5246
8272
8978
6961
2682
4022
2983
7173
8576
4351
6223
3183
850
5504
5069
4050
1757
8182
7749
9612
7266
5382
9821
6345
8525
2981
1923
1442
4804
1805
6915
393
5087
5246
9559
7728
6553
619
8612
2663
7634
8629
490
2731
1173
4695
4703
8845
3570
9735
5766
5513
5895
7998
3592
6128
1359
5261
1715
3837
4412
4793
1626
6893
8557
7465
8168
9839
6934
8856
5346
4757
4918
8676
8633
7019
4674
6866
3258
232
1363
5216
7601
9021
1207
4446
9721
2688
3795
5085
7288
3895
553
8933
2354
7296
3119
4617
6513
1838
1031
6968
2530
7079
5753
9185
5030
5250
4007
5439
7217
6149
9330
7509
4509
1474
4821
5612
6991
6946
2398
4131
9356
8856
9328
332
2410
6970
522
2258
849
525
2874
7782
4982
1509
2670
9627
1993
285
3451
1491
7304
806
8241
4133
4428
6758
5309
6425
6724
2851
1795
4261
8900
7989
8930
4303
8948
8394
2121
6204
1006
2306
537
155
3325
6589
7879
1927
1962
5065
64
7745
9636
1148
1818
3403
2628
2628
7989
6468
6326
3765
6448
4846
6315
9489
7463
1156
2509
211
8184
2559
2814
5287
2723
1939
7409
2245
6765
9371
760
9328
2077
6118
6285
1226
8683
7731
8614
409
9839
2671
1774
5370
4621
9000
2264
4742
4916
8598
5298
2545
5098
2559
9579
8291
7167
9395
4863
2689
743
4677
9183
6751
6504
3709
4561
476
9742
5505
1820
3713
6095
1762
8060
5052
8509
2608
1212
332
6959
765
1902
8354
5326
3518
1572
5786
6441
4396
167
5445
8504
9259
2171
516
7214
4103
9526
7895
9131
738
2063
2296
1347
9462
9305
6627
4762
9813
6338
6369
5770
7232
6972
6058
4317
1268
6699
9280
1841
5280
2080
8516
1496
487
2254
1338
3188
557
2755
294
9776
7819
5691
4106
730
5510
9516
8836
3947
890
5178
6093
6859
7925
1429
3374
884
6774
5786
9703
5521
611
7451
2674
7115
8723
8610
4354
6356
2603
1415
8962
5579
3079
6240
7230
5052
5787
2394
5382
6621
6465
3990
226
4334
3867
2571
1872
3356
3815
2005
2772
9207
8377
8053
6746
2233
7549
4411
7104
4225
595
4852
9346
5841
564
6126
4143
2295
8980
2377
3258
9200
1267
1986
7551
9019
6157
2039
648
8077
2627
3574
2218
756
236
3217
9965
4592
700
3971
7461
7444
6403
9896
6001
8509
6702
4688
1777
5822
7714
9864
4181
6037
6336
9507
2812
9524
3387
6493
4299
6375
7596
8861
4770
806
6000
6151
7106
8866
8668
663
1662
71
978
3081
3193
7853
1955
4285
6996
1551
8896
3553
2219
954
1230
5691
9335
5295
5273
9533
9009
6820
3096
900
7150
910
834
5845
6604
6143
4639
2754
6729
3849
1942
9403
9549
7408
1086
530
443
8588
5725
328
6168
5920
9379
9944
4004
4312
8330
6470
7313
5152
1818
9835
1916
6178
3815
6625
9782
5290
2798
9731
4007
5231
6190
974
4361
6828
2981
7461
7981
5640
2302
6538
423
9838
205
378
1419
8975
8028
5665
352
9686
8941
6702
6532
4929
8306
7199
4860
4123
767
3019
4758
3932
3852
1076
4883
6353
6538
1600
3022
8308
6963
7187
4242
7108
8429
1976
4616
5030
9916
8564
4052
5559
986
915
1681
6489
8893
2015
2413
1463
7100
5386
4670
8679
1651
6507
6500
5671
2768
4807
6297
2943
8896
5147
8835
3820
3708
9611
1025
5372
6405
6366
7287
6854
2380
1784
9413
7273
6115
5045
6
3515
4616
5813
9279
6509
6488
6972
3131
7102
4199
4205
4643
2708
4143
4403
2627
2510
4939
5001
4211
7888
367
1238
1353
3973
7266
8345
6419
6638
4589
7095
4537
1271
219
4256
5553
1377
7459
7390
3878
4806
1921
5077
8208
2460
3236
2148
1497
3802
468
5166
4005
7291
4195
3111
5909
2567
7670
4589
2325
7136
4784
1413
7263
2977
5608
7100
3370
6344
2454
2583
318
699
6785
7077
9794
1254
969
646
7243
1176
2291
7271
9512
2300
8386
688
7335
342
9471
7320
6760
4948
4887
1662
8752
3206
2870
6744
3457
1721
2786
2024
9927
7264
1914
1103
2854
4627
5007
3662
4224
5493
1373
9659
2458
6354
2900
8032
7041
8379
9678
7639
2965
3574
8936
9840
6403
4523
9791
1847
6934
3270
4911
6377
9880
6495
6229
5064
9297
7922
7853
5957
5927
8329
5300
1666
9646
2563
7272
3959
6549
9005
1893
8998
2095
9454
3186
7931
7444
5403
9815
2523
9576
1410
2902
9518
9099
3404
3246
8255
4725
234
1692
160
6214
6532
6641
1763
3935
8096
840
7642
3660
5800
8916
9968
3832
1844
6489
3149
2524
6127
9723
3271
1182
2089
2031
7276
1778
4361
3359
925
8351
2157
7500
2578
7394
4161
6319
4518
7719
4069
2749
9330
5965
5867
367
266
7610
4998
658
2330
5024
4115
4143
7443
697
841
9055
7893
6837
1747
711
3948
938
8542
9538
7905
5003
4696
8670
3939
1168
5267
5477
1234
9994
2619
7876
1880
4881
9829
2082
5553
3772
6453
4001
6143
4391
5293
5145
6470
7046
9493
7486
7610
4908
4842
5676
8515
9063
6514
5953
2093
3160
7131
801
1023
5664
9092
7124
7332
11
7121
8173
5855
2936
6332
6309
6040
3367
2262
3639
4210
7766
8904
9175
7829
1476
2058
3515
7593
9502
7113
962
5047
3964
5215
1352
201
457
3905
7247
9426
6546
4223
8856
9708
8722
870
7387
1768
5770
9550
4505
7582
7952
8759
4020
3733
2469
8002
6805
4338
3352
3691
9839
4465
6627
9482
7428
4504
4717
7730
6183
8579
6528
3677
3037
2203
3732
9382
4645
710
8481
3020
3446
9355
771
9473
3588
4750
2558
614
3622
4356
5221
8103
7179
132
427
8901
5839
6510
3003
9785
5232
8940
1098
3185
7427
9006
7200
5835
5073
5036
1025
6455
775
53
8115
2640
9476
4525
828
5408
6123
5141
5898
4679
3046
8822
3068
8828
7576
2705
2369
226
8118
6530
7881
4603
8954
5910
3097
2349
9702
1977
5622
1301
7070
2120
429
3337
4129
4095
7227
335
9175
3001
890
5631
9249
8531
77
7496
7241
5645
6819
4922
7619
6927
8886
1848
2735
1774
3738
4776
1415
9517
6336
5439
7174
6400
3977
9184
6415
8972
5785
3831
2088
1223
4836
2197
3947
7162
4783
8891
7976
5568
2205
5319
1489
4220
2648
2920
5523
2478
6006
9433
3681
7645
6247
1747
6046
4848
7284
4126
7691
8325
8561
3579
1365
2683
9114
598
4372
8247
6111
8717
2980
7979
7185
6173
3433
9356
7841
3718
405
1343
9920
2594
1608
7962
5190
5466
216
3070
2908
491
44
6590
2889
1958
5576
438
3685
2042
4067
5735
791
8199
1056
8824
7105
8525
5475
9451
2053
7280
9422
607
3450
9866
5438
3247
7278
8581
834
6521
1374
9322
706
2312
6289
5655
4933
5535
487
2863
3790
8870
4038
6892
1279
9386
7880
188
2218
3182
6060
7474
1490
1401
2916
2217
6
5618
5737
7983
2090
244
5020
9385
6599
6571
7432
2978
6314
2287
4745
908
751
2780
2374
6715
5924
2882
7361
8123
3577
7126
2478
5035
3595
6395
8283
9256
4460
388
4708
5586
8057
428
4900
6960
9720
7148
9270
509
245
6898
6349
117
1051
8861
8546
1171
5672
4359
2996
9362
8472
7549
7078
3192
9614
5543
7289
4365
5421
4498
7893
8527
3289
6724
7643
45
9927
1465
2242
865
7601
2779
624
1633
3054
9305
8716
3574
4882
6090
1949
4188
3543
2856
9720
6926
6955
7085
7162
7035
1264
8856
2719
1176
6665
1690
2072
9366
4964
4046
5224
2534
2537
9535
1235
5249
8405
8662
1969
2970
4281
3627
8832
6766
595
5181
3229
124
887
2777
8619
338
2135
3523
6285
7687
25
6658
9297
1517
8943
7859
9506
141
7682
4031
9785
8964
5567
9197
3639
7207
2244
9569
8242
3788
2654
1107
9231
5828
1525
6000
7492
232
9650
4233
3463
4496
408
675
3313
6574
6676
1803
5470
5409
8819
1496
2134
3633
2648
751
1707
552
9287
3117
9247
987
503
3489
417
893
5583
6990
4961
1495
2061
5555
3441
7768
8931
4127
8162
958
5726
8279
880
3558
887
720
4201
4799
6530
4024
4587
6767
6077
4268
4353
7510
4670
8408
2053
9538
3004
4773
2735
8327
6089
370
409
8962
8949
3306
4778
2940
188
6858
5472
4393
8313
9920
1532
4972
6104
1760
2929
8926
5936
3780
6311
2457
7966
6851
626
2571
6008
3654
9211
4981
991
3313
913
6050
3080
5934
2839
6681
5469
96
6490
1627
9208
9586
1358
3841
2087
133
9573
7613
5516
6291
442
1604
7262
9185
1867
6453
6811
833
6767
7299
9807
9660
7900
4120
9131
2904
7958
8381
2104
3446
1422
4088
4768
8307
7997
8248
9967
2733
3284
4659
953
5482
3993
3298
7993
2770
2788
9800
744
6682
7841
5004
7430
1127
7043
303
4132
7035
682
3137
5075
8403
7334
8422
1856
1582
8108
8302
1507
7277
336
6903
2751
6492
6989
5143
1517
7971
358
9975
4770
1501
7760
527
951
1148
4101
2560
1627
4989
9821
6104
1264
4697
9775
9576
6684
8676
7088
1583
3600
6595
7170
9941
6533
5698
6507
1486
2365
3768
5837
6312
352
4094
6168
3911
6160
2793
2867
8631
3992
1613
7354
550
5702
9251
2563
5461
343
8361
9481
9427
991
5165
7397
8240
3940
1317
4182
5456
8409
7349
655
8706
5615
4856
7988
3914
1635
5281
5355
4212
6184
5548
294
6849
8877
8152
1448
2856
9027
66
9782
5983
785
6465
1523
4541
617
2914
7669
5114
8751
5208
3180
9371
9055
1302
7593
35
6005
9990
1277
636
8900
8452
8842
1993
7138
114
1886
3636
7484
3238
728
6340
5065
6308
146
6024
2620
3546
4474
3362
2107
2877
6115
4858
2121
7294
6119
7837
2675
6246
1654
5828
827
483
7720
9479
2704
2773
3423
4455
8806
9619
8693
6984
9523
5274
1365
365
7019
4594
8962
268
7335
5705
7606
3394
5940
3208
4690
4048
3358
9299
8164
286
4489
9496
3777
3764
6375
5554
9123
7086
1336
4322
7059
3329
7450
8282
5115
27
2309
7346
9034
8587
1196
5724
1679
5717
3851
5887
2342
9766
340
9735
9943
921
2919
1146
2619
6396
3183
2393
9077
6110
776
8064
9156
1577
7597
6156
348
6336
2956
7851
7401
7461
4713
2917
7091
6870
6995
8340
4468
983
7411
8864
2034
7007
6066
5895
5527
339
8158
2403
9344
5935
2297
5074
2186
7067
9255
9646
546
4324
8891
1998
5482
6391
7368
3398
9649
3642
462
7007
1374
138
3803
8170
2909
6933
6057
9641
6273
3460
1358
9172
6593
3595
454
3862
654
140
4949
9103
2268
246
2238
1968
1963
2032
804
6853
229
4928
9331
2903
6968
1867
8144
6281
7110
3894
5580
6475
6144
4705
1154
958
8949
5604
4289
5861
5518
9777
1427
6643
2243
6082
6426
7636
2195
7298
712
1994
8531
6130
5768
1630
3353
9740
9863
3482
8525
958
9980
6662
7360
3785
9957
6828
1426
3093
6813
1524
2493
1446
2133
8778
5501
1155
5317
582
9736
9003
1484
8415
4177
5339
1399
3908
1828
6654
8948
3819
7311
9192
6368
9102
1990
4818
834
380
3011
222
7656
1499
8475
5649
1562
256
3510
181
7341
3509
1122
2761
7535
4860
549
5641
6079
9137
7224
1039
4637
828
205
8626
574
2028
6376
658
1000
8022
4046
8382
241
4123
6842
1099
313
9778
6871
8217
9795
603
7299
2104
1368
6318
8963
6704
586
7622
1391
8957
2236
9770
3325
2997
7745
1319
5991
2352
3974
8728
9720
6344
9646
3634
4943
8757
6080
4508
7620
4160
6848
3246
2777
2371
7311
5285
5619
7943
9134
6128
3723
2013
8786
270
7981
9959
6437
113
2645
793
8224
7906
7985
5275
4842
801
1144
6392
8269
4058
2920
6331
9074
8187
2952
2809
7601
1078
714
137
3257
8404
6783
3838
2701
6475
9814
9353
4931
5101
8807
2167
876
4470
958
9946
7528
4671
972
4595
9282
1798
4423
1142
2593
5695
4372
4470
1119
3819
9468
9581
4832
517
6735
5513
8781
6670
5594
4343
899
8434
6292
7430
9853
9142
2788
5695
4381
770
7199
9806
3954
1113
631
1668
4475
8354
6439
8181
8754
6231
1315
6751
6701
5632
1550
6847
4949
8287
7457
6607
5287
6755
6895
655
7056
5366
8502
9296
1320
6051
7238
29
4690
2402
4423
382
4380
8072
2934
9210
5914
5084
1951
3762
3416
2249
1778
179
4580
5592
8248
8307
7413
8344
9138
1341
6017
2239
7150
6239
5804
2887
5370
576
1970
1055
5680
9529
4209
7297
9879
9071
7928
661
1648
1450
1650
457
5567
430
9030
2852
5781
8602
9594
8925
1777
2781
7304
8358
9441
6698
8396
8462
8575
396
7796
6444
5616
9601
2355
5045
1538
2770
5962
7207
6607
3671
4269
6774
1340
3605
3411
9170
7804
6717
2776
5980
1221
417
89
592
7636
9350
9626
8472
8446
7059
7426
2357
9363
9356
2335
1060
1357
7663
4797
3274
7373
4931
6691
8779
6115
446
916
6134
5458
4166
5779
7486
2692
1089
8011
1619
2555
881
3309
1285
6342
2592
3280
4031
4303
679
9512
4020
5283
2318
7279
1265
5008
8433
5811
4017
7372
4222
417
8040
8582
7959
1599
2189
7232
10000
962
7719
8397
4699
7487
4181
9644
3689
7270
2903
3456
558
9059
2955
7050
9509
4314
5558
7518
7696
6520
7725
1781
3311
4704
4802
3613
6551
8860
8426
8307
3695
8839
241
285
6784
7047
8002
6587
7444
9213
8338
5809
4722
8623
1168
6686
46
1310
924
337
4145
6153
7818
3327
5400
3567
2219
1265
9975
9282
1698
9164
5456
7584
4935
1462
2838
7278
2235
2453
7465
5452
4418
3041
8181
6488
9919
1194
4973
8047
2758
5462
5845
3948
7280
1099
5153
430
484
2325
2639
4606
8417
9952
2042
4501
5819
6761
8229
7163
5347
3948
2406
9717
6863
1042
4393
6776
8221
8400
3870
8588
8566
8719
9412
1481
6518
5220
3315
6195
6684
9801
6021
4768
8084
3939
7735
8256
8443
6498
3847
4321
4734
1667
6207
3952
3624
2742
3717
8086
750
3870
9961
7276
1819
1397
2980
4291
6254
9020
9181
3874
5354
4398
8170
2623
8171
8853
4585
6628
6723
2297
9906
1243
6513
5299
2830
8622
5972
5060
6917
1839
6198
8405
9588
613
1055
1872
1094
4612
6220
136
7681
5761
5349
6694
324
1993
2787
6214
8913
8847
895
8018
950
3558
1675
3072
3950
2720
2006
4349
6574
2977
6271
3128
1172
6950
4232
4727
3659
6247
4017
8719
9088
4582
3343
873
3351
698
2237
8862
1610
6694
4126
3104
2445
8603
2486
280
4226
3462
7469
1318
8531
5248
7218
7639
3243
4553
366
6174
9567
652
5659
8751
490
7099
6554
4190
6542
3501
2929
2717
9046
1483
6905
9796
2605
969
7759
332
6396
1858
4299
8769
6112
4759
6906
2104
9249
9397
6374
4571
3661
7673
3850
2071
7383
1172
6869
3046
6400
9318
5446
2879
3671
4412
7421
9665
668
9378
4948
4771
3228
2519
1542
1474
608
1863
8703
4567
6355
6669
4387
6675
649
9295
8440
9245
2385
1234
9035
9652
4195
7043
7255
7753
8327
8842
7802
5508
1370
6870
621
5482
128
2582
475
400
9865
6014
90
7555
7374
1501
4755
9087
6279
8710
183
9768
5501
2238
8127
3991
4235
8289
1927
4084
3689
7081
945
9175
5628
6299
822
3400
5521
3580
5398
9648
4458
7916
2454
2378
3820
486
8429
5451
5203
7206
235
7595
4704
1
1511
6221
8843
430
5986
8497
422
8588
2271
9419
3836
4233
2685
2126
6622
3434
5943
7972
7007
3616
5469
3677
4929
9153
3515
1407
2961
8430
2116
6907
6610
6332
6508
9230
9419
6665
7651
7542
3353
2597
1515
5051
9201
7945
849
9507
971
6218
2894
6112
2327
676
7707
6640
1851
5250
6152
6649
357
7031
2606
6055
300
2913
3700
3145
5601
4187
2212
255
2504
2768
8637
7999
3793
5510
2213
6543
9763
9991
6681
38
3027
3792
2760
1177
6370
1854
2202
1139
1743
2995
8364
5113
9371
2003
1823
6190
9068
1947
5331
7920
2766
6324
4381
6614
1710
1523
2848
8367
5604
6605
1753
6133
3775
40
7505
9082
1816
1473
3248
8261
5700
2777
9111
9281
2323
7387
2617
3475
7492
1976
9578
4270
605
8307
5874
3403
7912
7529
9667
8056
3868
4893
9004
3614
3074
7554
4831
7623
9021
8210
5224
3253
5859
7586
9200
6245
7335
9491
8870
7299
6001
3649
378
4046
7487
4628
3639
9055
6516
2312
8035
1597
4897
5809
1351
4557
9827
6461
531
5465
113
5759
7264
4870
2807
4096
8999
1404
6595
1420
1296
871
5574
9567
3464
7703
4692
4387
2719
3669
6747
8577
8056
1515
2375
6681
8848
3320
2875
9211
1032
971
1136
6346
7417
7714
4418
6942
799
8201
3483
5835
2220
5718
3774
8270
8667
4002
9656
8356
2324
5231
8693
8151
6418
915
4339
1026
1028
6875
2715
9795
2315
6582
4149
9994
8462
9895
582
7504
8508
2306
2690
3833
1488
1971
9022
15
1969
4890
9007
3872
6232
451
7732
1513
7501
9758
7061
8305
6335
617
9767
4612
4031
6111
1731
7289
2920
4155
7742
8175
2733
8824
6596
3364
1635
3157
522
9006
6997
8810
683
6721
4972
8169
39
8711
5935
4846
3198
3295
5743
9506
2136
798
5593
3348
3252
7238
5183
1416
2363
2056
691
352
7967
3518
8471
8239
4484
2847
8666
8253
9495
9628
3940
3107
8149
9623
9856
4154
4274
3905
4833
376
6667
1410
6073
352
9382
6229
3492
2379
534
4368
1728
7350
2899
6115
8804
4873
1802
6512
8630
4261
1745
2424
1380
2763
8654
398
4353
8060
7835
6058
7768
4782
3677
704
2088
7211
2195
2890
3328
3744
1293
6265
6378
7981
7695
8494
782
9705
7535
8894
4060
2362
5282
3720
5056
6819
5104
1187
908
9791
3722
1916
3278
2374
1581
8031
9694
6228
7531
6155
4471
706
1732
5505
1425
6537
3115
5368
6501
6629
7761
4973
192
5147
5633
4579
6049
5020
8520
5066
3926
885
8386
6139
8944
8027
6998
3994
7679
8365
3501
4851
2573
8612
5743
492
8168
7257
6024
4429
4953
7810
6828
1894
5162
8242
5204
616
1369
3781
8673
5716
8057
9356
6179
3327
1542
774
9868
814
969
1990
453
1555
2977
8163
6514
9925
5948
1954
9698
7015
8232
1600
8924
9173
5208
7722
3976
3347
9049
5501
7368
788
1011
9363
604
5331
9792
1683
7938
6112
785
5423
9371
3860
4774
6213
3885
1217
987
8459
424
1963
479
7745
2061
6329
4432
7662
6019
5952
167
2371
9177
89
8066
5549
9060
8679
1539
2427
4852
6130
1548
4338
7702
6004
8717
339
6675
2711
2485
4072
7244
7650
2835
4517
7738
2293
3978
7832
788
6967
4509
7972
3672
8250
3573
9181
3095
4833
9845
3815
6638
4553
247
8718
6951
1958
6334
5170
2437
6439
4651
6774
1874
3673
5726
3494
2248
5325
4219
1830
537
3494
2243
9908
91
5149
1879
4869
3153
1220
436
7724
2819
4889
6824
7532
8508
4557
4124
8689
6297
5821
4922
6249
1982
3997
382
1701
2043
7205
1552
6140
8323
1491
7518
976
2308
8418
6073
8122
9043
4242
1595
8659
9539
2259
387
5624
6594
9153
7184
3541
4750
8336
109
6460
2728
3448
387
8916
8498
812
8882
9786
3471
3622
9408
4075
8749
6103
3012
9165
8334
6892
3546
4557
826
9977
9976
1890
5658
527
1994
3726
6206
1970
3754
7903
7607
7235
3972
2732
8061
4636
2321
5024
5002
4984
7064
4406
2433
2989
2803
3214
5949
2108
7049
172
5868
8532
5192
2456
5146
8367
8225
3783
7778
5156
5881
5967
8745
8386
757
5860
3562
6902
433
4505
5747
8619
1070
886
9501
2568
9028
8561
7300
7935
7127
4035
7774
5735
1931
4859
7254
8223
8805
475
6932
7709
5047
1758
5348
5112
1243
7761
1818
8251
6894
8727
5266
4694
7124
1792
2898
6119
3657
9564
8025
7356
1103
7798
1067
2697
1178
8900
4673
8780
7562
9334
1717
5334
1898
1376
8557
2944
7331
5046
4578
4655
8941
9596
2954
867
7727
4917
4385
2456
2610
3539
3847
7165
6664
6578
3458
6621
2492
2099
2999
4798
7810
1472
907
9898
8135
9896
8565
3505
2185
7404
8777
1768
8760
4906
8001
1849
8758
649
8932
534
6771
7061
9355
8544
7634
7830
5167
2590
8116
9650
5335
4092
3553
9188
6106
7880
1423
936
2831
784
2512
5750
2309
8459
2860
8978
6830
2584
9374
948
3372
9333
9323
4856
7122
5948
8603
3549
6297
3805
3565
643
3027
4901
8871
6978
789
7145
1349
6633
4790
4176
7977
687
3350
7592
7965
7493
5628
599
5197
3009
7079
9112
9960
4234
9467
3439
7592
4247
4685
5790
4177
1524
2304
9900
1647
7257
6212
2490
6080
1948
2642
7195
3040
7048
7372
8025
6986
1194
4742
2122
3392
1994
1686
4299
2203
4956
3547
8842
8158
703
7878
4593
9297
5269
5401
3610
1451
6806
9405
256
5983
5050
1576
3740
3525
6550
9152
6933
5162
2095
1833
936
7343
6125
3033
3566
9645
6833
342
1190
4440
4119
1924
5741
1683
104
9807
8312
1104
6513
747
9493
5060
9103
5747
4139
1228
3663
7189
1950
5829
4225
5958
3193
8228
9237
4096
3519
8938
1617
810
1335
5912
4519
8134
8302
4979
831
2716
7593
8934
643
5401
2703
1482
8937
9278
5355
3660
8928
3266
3614
7200
6942
1637
8329
2527
6375
771
6543
396
9836
3620
3595
3575
8837
9280
6321
2465
5815
1129
1177
964
9996
1613
9463
6730
783
9052
4843
8156
7714
2625
7339
2665
8985
2241
9036
1838
9201
1147
9663
6410
2811
3453
5522
8801
4461
8952
651
3399
3116
7388
7786
9415
652
3103
8814
3566
6538
4816
1356
6293
6556
7734
1257
1225
1485
1895
4246
8028
5617
5431
5173
1410
9211
9308
1939
7836
6641
5344
6187
4565
1562
321
7144
8851
7729
6712
1124
8126
5936
8322
1542
3275
136
3191
8291
9611
1053
3216
6852
8580
3699
8526
4955
6023
3993
3101
400
1279
906
6744
3296
4695
8467
8069
8677
82
1493
5031
9553
1930
8801
5571
4974
5285
4899
9341
7344
6731
7548
2709
3512
5112
3559
3409
3557
6213
56
9995
4340
1182
2566
6261
9290
4248
2802
4410
1540
710
4621
6047
1417
3356
2364
1161
3120
9350
3826
8868
1019
6722
2901
3828
2074
6702
8072
3019
130
4054
4822
6932
5903
3573
9026
2498
8966
7390
6914
3242
564
6996
6325
7946
8473
5305
8400
9168
341
7922
4042
5371
1436
9608
5475
3016
7420
282
4200
7142
8337
7510
3625
345
5991
7145
9452
5662
6445
4208
3522
9205
8715
7779
4422
3439
4668
8482
6690
6693
583
8247
8491
2796
356
5165
1461
6758
2404
7860
2865
1778
364
122
8656
369
5026
5928
1571
7903
7421
1567
3831
4488
9964
1741
5522
7934
1696
6264
7516
2362
8476
3958
2400
1907
1789
2648
9355
2888
6911
3134
1262
9740
1420
6571
5031
6562
2696
9093
5997
1242
6407
7584
1675
7304
876
7896
5108
3117
8044
3012
6778
8301
9949
4770
1131
8435
3069
5370
9034
3537
2275
7820
8143
1506
3291
2274
1370
7186
9908
761
2437
2709
2596
8124
9519
3300
2412
5116
3030
4884
5900
6752
1713
786
1740
4233
9095
9705
7468
911
3290
9924
964
9856
5137
1695
5235
4117
3429
1601
6044
7875
3811
6738
5488
1615
3126
7674
4877
353
6936
321
604
9467
7891
8006
8851
8843
2078
8301
5938
4359
9566
1618
1342
1386
2140
8213
7971
7035
1514
9478
9296
5627
1921
1143
9275
5271
678
2350
8217
7575
6950
5131
4748
3382
2315
8652
4985
5654
8812
8577
1243
355
6814
6808
5614
4739
6702
139
3521
5923
5566
5061
6359
9146
4500
2005
3255
3572
1552
4186
2404
7291
6740
1412
6944
3046
9618
9519
8849
3322
4416
8679
7076
1091
6970
8158
4932
4310
1142
1716
9848
2417
4511
811
5140
965
5500
9153
1570
1272
4394
3885
6652
3975
1224
8343
8551
9344
9337
1476
6124
5275
9178
9817
9052
8441
3042
9289
6868
6116
1746
8842
8405
1015
8346
8356
9307
3560
2880
6184
1363
1071
1099
3487
3294
9088
1940
7425
9883
4609
2577
5609
1173
9955
709
7484
1793
5068
1048
5930
7750
4895
9490
1169
3755
3822
929
2540
1258
7836
7755
1379
3135
263
2579
4573
1937
4616
6717
1327
3680
3034
7888
8780
1439
8261
1059
7245
1994
959
8427
2135
5199
3976
2708
2229
5396
9520
6071
3044
270
3475
4395
9289
8972
3753
9587
3683
6304
8471
7847
7559
2258
7548
4267
8585
7706
6403
7999
8357
1170
7498
8571
9115
4379
826
9913
7486
9433
9118
3053
4183
2195
1775
8927
1146
1176
9497
4657
360
7963
1557
2250
9651
1960
1281
8673
9701
501
9663
8585
6019
7980
7271
8763
1972
2075
3009
1439
7311
4278
5023
7850
1256
3477
124
6396
1094
1631
6734
8213
5217
3989
3098
5622
1228
58
7961
4851
4092
4642
9716
7913
9374
2151
6266
9433
8005
7014
592
9196
9758
4717
5076
1510
3050
1600
7892
8430
8719
3261
7250
9950
9747
1065
2938
8846
2456
4952
5592
2912
2957
3053
214
5684
969
2349
4355
7757
4198
5154
7397
8845
3140
5024
6547
6673
1410
6338
1249
3856
9243
8163
1428
3124
9363
9970
2635
3693
8801
8681
902
3390
9648
1070
7041
4339
7452
2433
4646
8965
8700
9237
1561
8930
224
8775
4485
6036
6023
2553
8552
8879
7595
8047
3747
4439
3632
5512
8127
8019
1250
4848
264
7934
1650
9963
923
2967
1515
2460
8043
8156
277
8615
3924
7236
2506
5246
2073
7398
2754
196
2451
4529
7545
7847
7573
8403
2135
9014
5904
4888
4051
7227
7562
9565
5665
3257
4963
3449
7561
4095
4814
6533
7639
7649
5425
3897
9235
1478
6786
6323
3459
8470
2484
3670
3562
8306
3050
2005
4343
1219
8403
8106
4460
9358
3297
1616
4754
3024
691
7656
6673
4392
2227
2804
6298
1730
983
3104
9707
5384
9138
8343
6151
3887
3038
2472
5298
244
2928
7923
7660
2051
2675
2261
338
1298
7470
3790
7966
3839
1419
9322
627
4906
8815
8955
9353
7779
3979
6782
3677
9953
4611
4519
2361
2499
6737
9830
4766
8962
7608
824
4131
5930
2157
3380
1780
2131
7825
6267
3143
9688
3125
4632
3612
1590
339
3808
2757
3974
8812
3942
468
5051
6165
4646
5087
2212
7933
2453
9658
5924
510
2423
3355
5239
5947
6599
7513
2582
6177
8278
9178
4532
5894
3181
3086
9524
9744
604
9082
4423
4670
2559
1967
1010
8148
5212
2069
3899
9484
6407
3014
8066
1201
7512
6769
7963
9439
4391
4825
619
4877
4628
2077
4207
8758
4873
3106
5005
2253
4994
4877
9217
6574
2886
5663
2297
5916
4913
3965
2740
6416
863
1665
6800
3537
7140
7886
3189
5145
1442
6975
9552
866
5417
8341
1100
8184
5902
6890
9963
5281
3418
3100
3269
6827
4819
9193
5210
3408
2555
7136
606
2828
7830
1819
1468
3586
3349
5530
4498
5325
8340
5205
9517
3518
1503
4763
402
1281
7470
1760
8681
7655
3648
723
9887
7935
3855
3365
5535
648
1143
1342
9914
2178
2140
1895
4512
1672
8127
5555
542
6521
3127
2427
393
4698
146
2274
554
2938
942
3870
5642
8662
8953
8937
388
6861
362
8354
7243
4653
2677
3777
1345
7244
1815
2700
1260
6741
2284
7643
2954
2749
5856
5121
8440
6948
8341
3587
7483
75
5926
2174
9910
2277
1167
9665
8017
6593
542
6564
9883
2731
8579
1168
8601
4949
6442
7609
2559
6201
1703
4134
1695
9367
5998
7166
4848
7212
1069
6424
459
8251
581
3514
8271
2634
7005
3608
8407
9973
2349
9168
1453
223
6724
2961
462
7744
8146
2870
6396
4322
5846
9800
5757
2652
1462
2896
4850
9234
2675
5851
360
2882
6885
7196
8028
6325
147
10
6855
7679
2622
3521
5292
7497
309
8868
9155
8876
6642
3239
2320
3433
9516
9252
6983
4274
4479
3003
5203
6823
8533