1120
177
13
1112
574
164
381
595
390
501
723
429
869
750
414
1037
255
171
655
273
1109
812
134
1200
664
709
162
227
298
667
912
576
904
449
20
33
106
851
840
648
441
957
717
886
370
195
1011
533
662
585
580
160
398
505
1094
134
115
1195
193
1050
354
724
1004
264
1119
602
306
63
130
726
891
493
260
508
699
96
1196
770
262
740
779
1103
808
394
50
728
904
3
1124
1011
576
1170
724
4
19
383
246
375
48
910
1161
978
884
424
555
817
734
1148
809
847
1174
248
97
1120
1158
863
640
304
853
708
29
819
662
513
641
726
512
200
927
103
184
718
609
331
1188
242
1150
171
248
1113
913
916
547
261
949
802
457
844
713
1039
141
421
1153
597
494
471
684
672
234
945
12
220
1040
915
823
300
667
769
21
520
1052
339
260
380
602
213
557
451
387
545
78
133
805
756
33
932
385
126
270
690
848
366
998
1184
963
502
946
1028
847
776
772
567
616
171
86
1138
343
314
594
272
1147
339
1064
414
146
648
1107
836
840
571
168
311
159
786
259
1196
280
788
302
524
393
430
515
263
503
74
431
1193
999
962
338
976
531
569
668
244
41
752
872
207
451
254
578
921
868
12
1176
874
849
1038
288
787
670
927
979
871
1052
313
114
427
174
1033
230
887
429
891
651
687
920
100
850
958
978
577
484
588
1063
923
377
102
647
929
997
1167
968
796
918
584
824
413
652
865
1079
585
336
906
877
595
875
1078
238
1155
601
872
378
791
890
33
1119
577
514
491
1027
826
977
1047
660
798
231
204
6
911
109
539
1180
481
238
393
256
997
427
1097
395
391
818
981
1137
918
282
557
23
736
659
1167
1067
332
1024
414
1033
633
801
865
893
947
100
1181
132
1169
279
787
153
889
976
94
292
147
891
338
720
271
220
465
930
1035
157
966
793
151
810
634
272
715
864
775
841
296
460
393
1017
655
621
1032
249
1097
855
143
744
1080
1020
1059
431
1037
421
291
421
1123
209
1145
279
635
817
724
658
829
109
565
185
649
329
584
974
235
849
765
330
576
821
1062
1166
504
857
906
1154
233
838
895
334
1163
559
788
710
347
204
806
1107
973
332
1050
424
219
221
256
247
938
146
4
211
579
582
539
1035
965
958
1148
372
943
390
1152
252
139
1089
603
1161
775
340
579
77
998
781
63
589
283
68
1093
450
177
608
591
219
843
1168
165
1049
1106
629
634
510
1136
440
741
324
493
32
354
619
314
170
601
308
716
492
474
171
1127
989
44
174
314
966
1057
864
711
1156
792
264
1045
238
1188
138
51
178
725
367
825
686
716
354
421
915
67
1161
1157
911
4
294
1112
1041
396
121
1158
119
586
946
242
713
44
386
251
236
143
1123
270
212
1141
537
851
157
247
516
799
639
208
170
829
519
47
191
523
859
103
525
323
986
356
345
943
845
403
902
591
577
254
1071
98
384
623
299
815
921
688
269
469
458
901
1067
808
234
2
696
278
759
907
664
58
806
495
429
943
560
646
804
469
300
467
313
740
1097
123
647
847
100
401
313
1081
668
18
882
717
1152
1036
246
392
615
195
294
623
783
962
498
519
558
329
106
592
268
4
394
72
401
769
29
183
441
138
935
748
54
850
422
224
55
746
883
955
774
525
706
754
692
548
948
325
466
639
1118
1044
821
275
422
1141
992
1046
209
276
222
1022
471
1186
310
781
743
1080
259
392
1051
559
947
434
1115
588
185
353
1017
93
862